10
5 11
-66	12	11	-19	4	-4	40	-52	-72	86	43
62	-96	-7	-97	-22	-61	85	75	-78	-60	57
-30	15	-47	-5	47	-32	14	-5	-51	23	-8
-26	52	32	-90	45	-52	-25	75	-99	87	100
52	-15	58	-67	4	7	-62	-95	-100	85	-87
11 8
-43	-47	30	-82	-98	10	73	-91
-67	12	-73	-65	-28	-22	-15	38
48	-66	32	14	-11	87	-59	37
-70	72	66	94	22	55	70	-11
86	-15	21	25	-92	67	-61	-56
-59	68	81	-49	-13	-87	44	97
-51	-25	-19	-52	12	-92	-58	70
54	18	-33	10	77	-50	68	-29
-82	-75	-15	40	-47	-55	-8	83
-29	34	-49	-73	91	-67	76	-98
-11	-41	-17	-5	-31	-2	-22	47
9 8
-1	24	-83	-31	-99	14	-60	14
-18	24	-36	-56	-25	-46	-7	14
-37	-30	8	-35	-18	8	-21	84
-69	-98	41	-70	38	-9	17	38
73	29	-95	19	78	19	-70	94
-68	-78	58	-28	95	-5	-70	24
93	-32	14	-22	38	-37	47	-46
33	-95	-24	-77	75	-68	-17	-67
-78	-53	-27	46	59	-35	-15	-54
9 13
94	-98	-71	-32	86	20	92	-23	64	55	-22	2	83
-7	11	-94	-46	62	-84	-29	-17	79	-14	-43	58	44
1	-38	99	-87	72	-99	-46	-41	64	-53	64	-5	-6
80	33	-94	-66	-82	88	70	-55	-35	-84	-44	-1	30
100	34	-96	-51	-86	-33	65	-86	14	50	100	45	38
-14	-81	-77	-23	-68	56	82	-1	72	92	73	67	65
8	-89	6	48	66	7	33	-84	-94	43	54	-19	-68
-100	90	4	-28	-37	-81	-21	55	-3	-23	-94	37	-62
73	1	68	17	91	33	97	16	-6	2	35	15	-56
12 16
-25	44	27	-62	-2	-78	-80	-83	-10	77	10	93	-31	47	-15	45
-37	71	-60	-3	-41	-84	-56	19	56	-14	-15	-66	-91	76	89	45
62	-48	74	-84	66	-13	74	80	59	-57	83	-87	82	13	79	-3
-64	-70	-92	15	100	-20	30	-30	83	62	-6	-13	96	71	-82	27
-10	-13	43	-16	70	-18	71	50	-33	25	81	27	-56	-87	20	-60
5	-75	95	7	46	72	17	95	-37	-18	-84	-98	73	60	43	-49
38	75	-63	-41	-6	-71	65	8	-8	-82	62	-43	82	20	21	-13
-11	-8	21	14	-45	-24	-56	-3	16	-61	-29	56	0	-78	-41	17
-55	-8	25	42	-57	-95	-46	-55	-78	-81	-63	95	-49	-82	73	-61
28	-93	-28	-100	33	-35	85	-45	-86	37	38	-76	30	-65	88	75
-9	85	-26	-49	-100	85	86	-80	67	-46	17	91	-23	-31	9	-83
-56	-35	-40	83	-95	-47	-19	8	80	-79	24	100	45	82	-67	21
12 14
-41	-40	-32	9	16	52	-49	-42	16	-60	-11	-28	-40	-78
23	44	-1	14	-68	51	-56	57	46	-41	-9	-62	71	54
37	3	3	-74	35	48	-98	-68	-51	79	37	-20	-37	21
-81	-3	-42	77	22	-78	-53	-1	72	40	33	-61	83	41
0	58	35	97	17	36	63	-71	94	-15	-85	62	-68	27
65	82	68	79	-100	-16	-94	74	-79	-24	-90	27	-1	-81
15	52	-91	-90	-63	47	9	-15	69	49	-38	46	-11	-55
-23	-31	-31	-13	39	-28	-73	81	-90	-45	92	22	-73	80
94	-95	-65	8	-75	-8	88	73	-33	2	26	19	80	71
-88	36	41	55	57	-87	-66	-55	-81	82	62	54	-83	42
-83	46	-23	-59	-76	-54	37	30	-94	-42	-41	52	-6	78
-79	-98	-95	72	34	-6	50	-61	82	19	35	93	-98	21
7 9
36	-75	59	-91	56	-7	70	-21	92
-4	-80	81	-35	-53	83	-14	-93	55
-27	97	-26	88	50	38	75	-93	25
-5	-3	49	-73	60	76	70	89	-50
89	70	14	31	75	-46	85	54	-91
73	60	-19	-60	44	-7	80	19	74
-45	-19	64	-4	64	45	63	-38	97
9 16
-71	-12	-72	-27	0	-48	-68	-19	-54	-15	49	-16	-68	-4	76	12
25	60	10	-5	28	10	35	87	62	-49	-95	18	61	-59	-12	0
64	31	-31	50	36	55	-56	52	-92	65	-75	-45	40	-89	70	-79
64	79	3	-76	-47	14	-60	-78	-56	52	81	-20	14	69	81	99
-44	54	76	-91	-83	57	2	-30	-43	-4	-90	-55	19	78	100	-89
83	22	16	61	20	-37	-28	-25	-16	-58	96	-65	-79	-39	92	-86
-55	64	40	85	88	-27	-60	-22	-87	-92	92	-14	4	59	-28	75
91	-36	83	-10	-74	61	-75	93	-19	-84	8	-58	7	62	-23	-90
-17	81	-86	89	-41	62	-2	-86	-64	61	75	-81	-92	24	17	-77
11 18
8	-62	-29	-52	72	-86	-53	38	-81	-94	38	-48	31	-84	-88	21	-67	-98
-22	-93	-22	35	-68	-94	83	-93	-26	-89	19	18	51	-81	27	-20	13	5
-46	68	-13	58	-30	-5	-91	-40	-45	-91	91	-26	-50	86	-1	40	18	66
-65	-2	-30	96	-53	-44	71	-38	-92	-100	88	-60	-54	38	-89	83	-47	-18
60	52	-100	98	94	-24	5	15	45	33	-33	-69	2	100	-55	97	-90	-4
32	-77	22	-59	30	-53	-82	84	-90	-10	-36	4	-64	-4	94	-49	-7	-91
86	-40	89	84	-16	39	17	-82	-76	93	90	-8	-80	-54	18	41	16	97
-87	-56	65	-33	-42	55	24	11	-12	-34	-7	83	-51	-22	-30	-91	-92	12
-46	89	-3	93	-39	47	-30	33	88	-18	45	91	-93	7	-27	-86	69	-49
29	50	58	1	-66	-70	5	32	88	17	-79	29	32	25	-53	-21	63	-9
67	2	-82	6	85	-81	80	19	74	60	32	57	87	7	99	1	74	-43
12 10
91	-53	-25	-43	39	-33	-11	67	-88	81
-46	11	22	2	56	16	82	28	-12	-31
55	74	81	-94	-2	-22	-91	48	-59	30
-17	9	10	60	4	86	74	-38	-90	88
-97	45	-33	97	23	-17	86	51	-88	-100
40	-54	-22	-55	79	-19	49	23	-80	-36
-24	44	-77	56	43	93	61	48	-21	12
84	-94	13	-54	-87	-64	-73	-30	74	91
-85	10	-28	-73	-100	-16	-58	58	-17	-8
-51	6	61	32	-44	20	51	37	-42	-93
-42	15	45	90	45	-30	3	-79	23	45
7	-3	100	3	-52	86	14	-91	-68	-90
